1000010001 Новый 1401.91 1
1000017001 Новый 14.1 0
1000017003 МойСчёт100 0 1
1000017004 Денежный 1123.45 1
1000019001 myAccount 0 1
1000019002 myAccount2 215.2 0
1000019003 Счёт1 11686.1 1
1000020001 Счёт 0 1
1000020002 Счёт2 229.24 0
1000020003 Счёт2 23.2 1
1000022001 Белорусский 567.6 1
1000022002 Белорусский2 234.5 0
1000022003 usd2 0 0
1000022010 usd 678.9 1
1000023001 Счёт1 11686.1 1
1000023002 Счёт2 229.24 0
1000023003 Текущий 212 1
1000023004 Текущий2 542 0
1000024001 Белорусский 5673 1
1000024003 Белорусский2 53.3 0
1000032001 Счёт 215.3 1
1000032002 Счёт2 326.6 1
1000033001 Белорусский 0 0
1000033003 Белорусский2 263.2 0
1000034001 Белорусский 999.9 1
1000034002 Новый 623 1
1000034003 Новый2 666 1
1000034004 Счёт3 322.22 1
1000034012 Белорусский2 6236.35 1
1000037001 Новый 66.7 1
1000037003 usd2 666.6 1
1000037005 Мойсчёт3 897.5 1
1000037009 usd 999 1
1000037013 Новый2 533.4 0
1000038001 Счёт 644.5 1
1000038002 Новый 3223.2 1
1000038004 Новый3 35.3 0
1000038012 Счёт2 0 1
1000040001 Новый 1910.22 1
1000040002 Новый2 343.78 1
1000040003 Новый2 2352.3 1
1000040004 USDD 2152.12 0
1000040005 Мойсчёт5 322 0
1000042001 usd 0 1
1000042002 usd2 100 1
1000042004 766счёт 200 0
1000043001 Белорусский 300 0
1000043003 Белорусский2 400 0
1000043005 2281337 500 1
1000044001 Новый 600 1
1000044002 Новый2 700 0
1000044004 Счёт700 800 1
1000045001 Счёт 900 0
1000045002 Новый 1200 1
1000045003 Счёт2 1000 1
1000045005 373737 1100 0
1000047001 Белорусский 1500 0
1000047002 Новый2 1300 1
1000047003 Белорусский2 1600 0
1000047004 Счёт200 1700 1
1000047005 Актуальный 1400 0
1000048001 usd 800 1
1000048002 usd2 1900 1
1000048005 Деньги 2000 1
1000050001 Новый 2300 1
1000050003 Новый2 20000 0
1000050004 ТРРРРР 15022.3 1
1000051001 Активный 1908.5 1
1000051002 USD 35.78 1
1000051003 BYN 292.3 0
1000051004 EURAccount 0 1
1000052001 Новый 600 0
