1000010 Deposit 572.975 1 10 2021/09/10 1
1000011 Депозит 2420.9 1 10 2020/12/13 1
1000011 МойЗаём 9.125 1 15 2022/01/10 0
1000017 Депозит 1400 0 10 2020/12/12 1
1000020 Deposit 572.975 1 10 2021/09/10 1
1000022 Депозит 2420.9 1 10 2020/12/13 1
1000023 МойЗаём 9.125 1 15 2020/01/10 0
1000024 abcdef 9.125 1 15 2021/06/10 0
1000032 Депозит 1400 0 10 2020/12/12 1
1000033 Deposit 220 1 10 2021/12/13 1
1000034 МойЗаём 4450 1 15 2021/09/13 0
1000037 Deposit 220 1 10 2021/12/13 1
1000037 МойЗаём 4450 1 15 2021/09/13 0
1000042 Deposit 572.975 1 10 2021/09/10 1
1000042 abcdef 9.125 1 15 2021/06/10 0
1000043 Депозит 2420.9 1 10 2020/12/13 1
1000044 Депозит 1400 0 10 2020/12/12 1
1000044 abcdef 9.125 1 15 2021/06/10 0
1000045 Deposit 220 1 10 2021/12/13 1
1000045 МойЗаём 4450 1 15 2021/09/13 0
1000047 Deposit 572.975 1 10 2021/09/10 1
1000048 Депозит 2420.9 1 10 2020/12/13 1
1000050 Депозит 1400 0 10 2020/12/12 1
1000050 МойЗаём 100000 1 15 2020/07/19 0
1000051 Deposit 220 1 10 2021/12/13 1
1000051 МойЗаём 2250 1 15 2021/09/13 0
1000052 Ремонт 575 0 15 2020/12/13 0
